3.815714e-03 2.576103e-03 1.471349e-03 5.025119e-04 -3.335625e-04 -1.045005e-03 -1.644887e-03 -2.151579e-03 -2.588488e-03 -2.983764e-03 -3.369797e-03 -3.782503e-03 -4.260603e-03 -4.844166e-03 -5.573906e-03 -6.489825e-03 -7.629927e-03 -9.029541e-03 -1.072013e-02 -1.272831e-02 -1.507562e-02
-3.634337e-02 -4.010568e-02 -4.386774e-02 -4.761545e-02 -5.133542e-02 -5.501558e-02 -5.864542e-02 -6.221676e-02 -6.572399e-02 -6.916454e-02 -7.253890e-02 -7.585102e-02 -7.910813e-02 -8.232054e-02 -8.550130e-02 -8.866592e-02 -9.183148e-02 -9.501630e-02 -9.823884e-02 -1.015172e-01 -1.048683e-01
-4.899910e-02 -5.345025e-02 -5.800719e-02 -6.266022e-02 -6.739849e-02 -7.221028e-02 -7.708305e-02 -8.200397e-02 -8.695969e-02 -9.193709e-02 -9.692323e-02 -1.019058e-01 -1.068729e-01 -1.118137e-01 -1.167185e-01 -1.215780e-01 -1.263846e-01 -1.311312e-01 -1.358117e-01 -1.404213e-01 -1.449556e-01
-4.329881e-02 -4.691159e-02 -5.064010e-02 -5.448009e-02 -5.842590e-02 -6.247053e-02 -6.660568e-02 -7.082215e-02 -7.510959e-02 -7.945727e-02 -8.385400e-02 -8.828852e-02 -9.274949e-02 -9.722586e-02 -1.017066e-01 -1.061810e-01 -1.106380e-01 -1.150671e-01 -1.194570e-01 -1.237963e-01 -1.280727e-01
-2.465334e-02 -2.656696e-02 -2.856011e-02 -3.063330e-02 -3.278540e-02 -3.501359e-02 -3.731291e-02 -3.967697e-02 -4.209772e-02 -4.456573e-02 -4.707065e-02 -4.960144e-02 -5.214667e-02 -5.469501e-02 -5.723540e-02 -5.975737e-02 -6.225124e-02 -6.470793e-02 -6.711911e-02 -6.947701e-02 -7.177417e-02
1.414467e-03 1.542319e-03 1.643876e-03 1.713622e-03 1.747875e-03 1.744663e-03 1.704099e-03 1.628091e-03 1.521038e-03 1.389008e-03 1.240035e-03 1.083642e-03 9.304872e-04 7.922016e-04 6.805072e-04 6.074114e-04 5.840641e-04 6.210022e-04 7.275566e-04 9.118691e-04 1.180477e-03
2.621793e-02 2.826701e-02 3.036382e-02 3.250172e-02 3.467491e-02 3.687895e-02 3.911064e-02 4.136824e-02 4.365139e-02 4.596112e-02 4.829942e-02 5.066942e-02 5.307484e-02 5.551995e-02 5.800867e-02 6.054488e-02 6.313159e-02 6.577078e-02 6.846313e-02 7.120770e-02 7.400237e-02
4.359670e-02 4.721355e-02 5.095907e-02 5.482533e-02 5.880423e-02 6.288694e-02 6.706499e-02 7.132910e-02 7.566971e-02 8.007665e-02 8.453903e-02 8.904552e-02 9.358394e-02 9.814136e-02 1.027042e-01 1.072582e-01 1.117887e-01 1.162806e-01 1.207187e-01 1.250878e-01 1.293733e-01
5.119650e-02 5.556275e-02 6.006123e-02 6.467682e-02 6.939332e-02 7.419370e-02 7.906036e-02 8.397453e-02 8.891732e-02 9.386916e-02 9.881020e-02 1.037209e-01 1.085815e-01 1.133732e-01 1.180775e-01 1.226770e-01 1.271558e-01 1.314992e-01 1.356944e-01 1.397304e-01 1.435980e-01
4.042223e-02 4.371834e-02 4.705602e-02 5.042230e-02 5.380460e-02 5.719130e-02 6.057185e-02 6.393622e-02 6.727578e-02 7.058245e-02 7.384951e-02 7.707074e-02 8.024120e-02 8.335638e-02 8.641265e-02 8.940695e-02 9.233686e-02 9.520064e-02 9.799647e-02 1.007235e-01 1.033811e-01
-2.609104e-03 -2.022594e-03 -1.418278e-03 -7.926635e-04 -1.408458e-04 5.431995e-04 1.266789e-03 2.037533e-03 2.864126e-03 3.755162e-03 4.719414e-03 5.765457e-03 6.901132e-03 8.133568e-03 9.469070e-03 1.091237e-02 1.246699e-02 1.413506e-02 1.591690e-02 1.781159e-02 1.981640e-02
